b7
00
00
03
37
01
00
04
93
01
00
0e
13
02
00
0f
13
04
e0
00
93
04
f0
00
93
05
00
00
93
02
10
00
73
90
42
30
93
02
40
03
93
82
02
00
73
90
52
30
63
00
00
00
83
a3
00
00
63
82
33
04
63
8c
43
04
33
03
70
00
13
53
43
00
23
22
61
00
93
f3
f3
00
23
20
71
00
63
4c
b0
00
23
2a
01
00
23
28
01
00
23
26
01
00
23
24
01
00
13
05
30
00
b3
05
00
00
13
65
35
00
23
20
a1
02
73
00
20
30
23
2a
81
00
23
28
01
00
13
65
05
03
23
20
a1
02
93
85
15
00
73
00
20
30
23
26
91
00
23
24
01
00
13
65
c5
00
23
20
a1
02
93
85
15
00
73
00
20
30